# Created by Octave 3.2.2, Wed Apr 21 11:23:39 2010 ora legale Europa occidentale <unknown@unknown>
# name: simple
# type: matrix
# rows: 2
# columns: 2
 1 2
 3 4
